0 0 0 2 1 2 3 5 4 
0 0 0 0 0 0 0 0 0 
0 6 5 0 0 0 0 0 0 
0 0 7 0 7 0 7 0 7 
0 0 3 0 0 0 0 0 0 
0 0 0 0 0 0 0 0 0 
0 0 14 0 12 0 14 0 14 
10 13 0 0 0 0 0 13 0 
0 0 0 0 0 0 0 0 0 
0 0 10 9 8 9 0 12 11 
0
0 0 0 2 1 2 3 5 4 
0 0 0 0 0 0 0 0 0 
0 6 5 0 0 0 0 0 0 
0 0 7 0 7 0 7 0 7 
0 0 3 0 0 0 0 0 0 
0 0 0 0 0 0 0 0 0 
0 0 14 0 12 0 14 0 14 
10 13 0 0 0 0 0 13 0 
0 0 0 0 0 0 0 0 0 
0 0 10 9 8 9 0 12 11 
0
0 0 0 2 1 2 3 5 4 
0 0 0 0 0 0 0 0 0 
0 6 5 0 0 0 0 0 0 
0 0 7 0 7 0 7 0 7 
0 0 3 0 0 0 0 0 0 
0 0 0 0 0 0 0 0 0 
0 0 14 0 12 0 14 0 14 
10 13 0 0 0 0 0 13 0 
0 0 0 0 0 0 0 0 0 
0 0 10 9 8 9 0 12 11 
0
0 0 0 2 1 2 3 5 4 
0 0 0 0 0 0 0 0 0 
0 6 5 0 0 0 0 0 0 
0 0 7 0 7 0 7 0 7 
0 0 3 0 0 0 0 0 0 
0 0 0 0 0 0 0 0 0 
0 0 14 0 12 0 14 0 14 
10 13 0 0 0 0 0 13 0 
0 0 0 0 0 0 0 0 0 
0 0 10 9 8 9 0 12 11 
0
0 0 0 2 1 2 3 5 4 
0 0 0 0 0 0 0 0 0 
0 6 5 0 0 0 0 0 0 
0 0 7 0 7 0 7 0 7 
0 0 3 0 0 0 0 0 0 
0 0 0 0 0 0 0 0 0 
0 0 14 0 12 0 14 0 14 
10 13 0 0 0 0 0 13 0 
0 0 0 0 0 0 0 0 0 
0 0 10 9 8 9 0 12 11 
0
0 0 0 2 1 2 3 5 4 
0 0 0 0 0 0 0 0 0 
0 6 5 0 0 0 0 0 0 
0 0 7 0 7 0 7 0 7 
0 0 3 0 0 0 0 0 0 
0 0 0 0 0 0 0 0 0 
0 0 14 0 12 0 14 0 14 
10 13 0 0 0 0 0 13 0 
0 0 0 0 0 0 0 0 0 
0 0 10 9 8 9 0 12 11 
0
0 0 0 2 1 2 3 5 4 
0 0 0 0 0 0 0 0 0 
0 6 5 0 0 0 0 0 0 
0 0 7 0 7 0 7 0 7 
0 0 3 0 0 0 0 0 0 
0 0 0 0 0 0 0 0 0 
0 0 14 0 12 0 14 0 14 
10 13 0 0 0 0 0 13 0 
0 0 0 0 0 0 0 0 0 
0 0 10 9 8 9 0 12 11 
0
0 0 0 2 1 2 3 5 4 
0 0 0 0 0 0 0 0 0 
0 6 5 0 0 0 0 0 0 
0 0 7 0 7 0 7 0 7 
0 0 3 0 0 0 0 0 0 
0 0 0 0 0 0 0 0 0 
0 0 14 0 12 0 14 0 14 
10 13 0 0 0 0 0 13 0 
0 0 0 0 0 0 0 0 0 
0 0 10 9 8 9 0 12 11 
0
0 0 0 2 1 2 3 5 4 
0 0 0 0 0 0 0 0 0 
0 6 5 0 0 0 0 0 0 
0 0 7 0 7 0 7 0 7 
0 0 3 0 0 0 0 0 0 
0 0 0 0 0 0 0 0 0 
0 0 14 0 12 0 14 0 14 
10 13 0 0 0 0 0 13 0 
0 0 0 0 0 0 0 0 0 
0 0 10 9 8 9 0 12 11 
0
0 0 0 2 1 2 3 5 4 
0 0 0 0 0 0 0 0 0 
0 6 5 0 3 0 0 0 0 
0 0 7 0 7 0 7 0 7 
0 0 0 0 0 0 0 0 0 
0 0 0 0 0 0 0 0 0 
0 0 14 0 12 0 14 0 14 
10 13 0 0 0 0 0 13 0 
0 0 0 0 0 0 0 0 0 
0 0 10 9 8 9 0 12 11 
1
