4 5 3 2 1 2 3 5 0 
0 0 0 0 0 0 0 0 0 
0 6 0 0 0 0 0 6 0 
0 0 0 0 0 0 0 0 7 
7 0 0 0 0 0 0 0 14 
0 0 7 0 0 0 7 13 0 
14 0 14 0 7 0 14 0 0 
0 0 13 0 10 0 0 0 0 
0 11 0 12 9 0 0 0 0 
0 0 0 0 8 4 10 12 11 
1
4 5 3 2 1 2 3 5 4 
0 0 0 0 0 0 0 0 0 
0 0 0 0 0 0 0 6 0 
7 0 7 0 7 0 7 0 7 
0 0 0 0 0 0 0 0 0 
0 0 0 0 6 0 0 0 0 
14 0 14 0 0 0 14 0 14 
0 13 0 0 10 0 0 13 0 
0 0 0 0 8 0 0 0 0 
11 12 10 9 0 9 10 12 11 
0
4 5 3 2 1 2 3 5 4 
0 0 0 0 0 0 0 0 0 
0 0 0 0 0 0 0 6 0 
7 0 7 0 7 0 7 0 7 
0 0 0 0 0 0 0 0 0 
0 0 0 0 0 0 0 0 0 
14 0 14 0 14 0 6 0 14 
0 13 0 0 0 0 0 13 0 
0 0 0 0 0 0 0 0 11 
0 12 10 9 8 9 10 12 11 
1
0 5 3 2 1 2 3 5 0 
0 0 0 0 0 0 0 0 0 
4 6 0 0 0 0 0 6 0 
7 0 7 0 0 0 7 0 4 
0 0 0 0 0 0 0 0 0 
0 0 0 0 0 0 0 0 0 
14 0 14 0 14 0 14 0 14 
0 0 0 0 0 0 0 13 0 
0 0 0 0 0 0 0 0 0 
11 12 10 9 8 9 10 12 11 
1
4 5 3 2 1 2 3 5 4 
0 0 0 0 0 0 0 0 0 
0 6 0 0 0 0 0 6 0 
7 0 7 0 7 0 7 0 7 
0 0 0 0 0 0 0 0 0 
0 0 0 0 0 0 0 0 0 
14 0 14 0 14 0 14 0 14 
0 13 0 0 0 0 0 13 0 
0 0 0 0 0 0 0 0 0 
11 12 10 9 8 9 10 12 11 
1
